  1 64 0  -0.251 1  0 1  47.520     0 0.0000 34.0
  1 65 0  -0.256 1  0 1  49.690     0 0.0000 34.0
  1 66 0  -0.233 1  1 0  53.540     0 0.0000 34.0
  1 67 0  -0.092 1  0 0  56.220     0 0.0000 34.0
  1 68 0  -0.150 1  0 1  57.590     0 0.0000 34.0
  1 69 0  -0.145 1  0 1  61.440     0 0.0000 34.0
  1 70 0  -0.118 1  1 0  64.590     0 0.0000 34.0
  1 71 0  -0.122 1  0 0  66.850     0 0.0000 34.0
  1 72 0  -0.120 1  0 1  68.900     0 0.0000 34.0
  1 73 0  -0.087 1  0 1  71.150     0 0.0000 34.0
  1 74 0  -0.044 1  1 0  78.370     0 0.0000 34.0
  1 75 0  -0.073 1  0 0  77.290     0 0.0000 34.0
  1 76 0  -0.104 1  0 1  77.170     0 0.0000 34.0
  1 77 0  -0.176 1  0 1  81.770     0 0.0000 34.0
  1 78 0  -0.107 1  1 0  84.050     0 0.0000 34.0
  1 79 0  -0.095 1  0 0  87.400     0 0.0000 34.0
  1 80 0  -0.074 1  0 1  86.780     0 0.0000 34.0
  1 81 0  -0.084 1  0 1  86.570     0 0.0000 34.0
  1 82 0   0.040 1  1 0  86.670     0 0.0000 34.0
  1 83 0  -0.109 1  0 0  86.530     0 0.0000 34.0
  1 84 0  -0.156 1  0 1  88.730     0 0.0000 34.0
  1 85 0   0.025 1  0 1  92.500     0 0.0000 34.0
  1 86 0  -0.090 1  1 0  95.510     0 0.0000 34.0
  3 64 0  -0.236 0  1 0  63.910     0 0.0000 14.5
  3 65 0  -0.247 1  0 0  65.200     0 0.0000 14.5
  3 66 0  -0.221 1  1 0  66.480     0 0.0000 14.5
  3 67 0  -0.072 1  0 0  69.220     0 0.0000 14.5
  3 68 0  -0.095 1  1 0  72.150     0 0.0000 14.5
  3 69 0   0.011 1  0 0  76.200     0 0.0000 14.5
  3 70 0  -0.053 1  1 0  80.110     0 0.0000 14.5
  3 71 0  -0.021 1  0 0  84.550     0 0.0000 14.5
  3 72 0  -0.068 1  0 1  87.220     0 0.0000 14.5
  3 73 0  -0.062 1  0 1  91.630     0 0.0000 14.5
  3 74 0  -0.029 1  1 0  94.910     0 0.0000 14.5
  3 75 0  -0.065 1  0 0  94.160     0 0.0000 14.5
  3 76 0  -0.028 1  0 1  90.950     0 0.0000 14.5
  3 77 0  -0.152 0  0 1  93.760     0 0.0000 14.5
  3 78 0  -0.070 0  1 0  96.880     0 0.0000 14.5
  3 79 0  -0.036 0  0 0 103.300     0 0.0000 14.5
  3 80 0  -0.006 0  0 1  98.750     0 0.0000 14.5
  3 81 1  -0.027 0  0 1 101.300     0 0.0000 14.5
  4 64 0  -0.186 1  1 0  45.450     0 0.0000 29.6
  4 65 0  -0.158 1  0 0  47.220     0 0.0000 29.6
  4 66 0  -0.154 1  1 0  51.640     0 0.0000 29.6
  4 67 0   0.004 0  0 0  54.690     0 0.0000 29.6
  4 68 0  -0.018 0  1 0  55.660     0 0.0000 29.6
  4 69 0  -0.067 0  0 0  61.730     0 0.0000 29.6
  4 70 0  -0.023 0  1 0  63.240     0 0.0000 29.6
  4 71 0  -0.010 1  0 0  66.460     0 0.0000 29.6
  4 72 0  -0.033 1  1 0  68.420     0 0.0000 29.6
  4 73 0   0.032 1  0 0  70.380     0 0.0000 29.6
  4 74 0   0.075 1  1 0  80.740     0 0.0000 29.6
  4 75 0  -0.001 1  0 0  77.200     0 0.0000 29.6
  4 76 0  -0.082 1  1 0  74.520     0 0.0000 29.6
  4 77 0  -0.109 1  0 0  80.740     0 0.0000 29.6
  4 78 0  -0.083 1  1 0  82.870     0 0.0000 29.6
  4 79 0  -0.015 1  0 0  86.310     0 0.0000 29.6
  4 80 0  -0.052 1  1 0  85.400     0 0.0000 29.6
  4 81 0  -0.021 0  0 0  83.630     0 0.0000 29.6
  4 82 0  -0.054 0  1 0  84.870     0 0.0000 29.6
  4 83 0  -0.052 1  0 0  84.220     0 0.0000 29.6
  4 84 0  -0.053 1  1 0  86.250     0 0.0000 29.6
  4 85 0  -0.003 1  0 0 102.600     1 0.1429 29.6
  4 86 0  -0.031 1  1 0  93.740     1 0.1429 29.6
  5 64 0  -0.321 1  0 1  86.500     0 0.0000  6.2
  5 65 0  -0.320 1  0 1  89.200     0 0.0000  6.2
  5 66 0  -0.339 1  1 0  91.400     0 0.0000  6.2
  5 67 0  -0.176 0  0 0  94.070     0 0.0000  6.2
  5 68 0  -0.207 0  0 1  98.260     0 0.0000  6.2
  5 69 0  -0.106 0  0 1 100.500     0 0.0000  6.2
  5 70 0  -0.117 0  1 0 103.100     0 0.0000  6.2
  5 71 0  -0.113 0  0 0 103.500     0 0.0000  6.2
  5 72 0  -0.179 0  0 1 103.200     0 0.0000  6.2
  5 73 0  -0.077 0  0 1 107.400     0 0.0000  6.2
  5 74 0  -0.033 0  1 0 111.700     0 0.0000  6.2
  5 75 0  -0.123 1  0 0 110.400     0 0.0000  6.2
  5 76 0  -0.121 1  0 1 110.800     0 0.0000  6.2
  5 77 0  -0.139 1  0 1 114.300     0 0.0000  6.2
  5 78 0  -0.076 1  1 0 118.600     0 0.0000  6.2
  5 79 0  -0.032 1  0 0 123.700     0 0.0000  6.2
  5 80 0  -0.115 1  0 1 125.500     0 0.0000  6.2
  5 81 0  -0.098 1  0 1 126.100     0 0.0000  6.2
  5 82 0  -0.160 1  1 0 125.900     1 0.3333  6.2
  5 83 0  -0.149 0  0 0 125.800     1 0.3333  6.2
  5 84 1  -0.177 0  0 1 127.300     1 0.3333  6.2
  6 64 0  -0.283 1  0 1  73.300     0 0.0000  8.9
  6 65 0  -0.294 0  0 1  74.350     0 0.0000  8.9
  6 66 0  -0.258 0  1 0  76.100     0 0.0000  8.9
  6 67 0  -0.012 1  0 0  79.340     0 0.0000  8.9
  6 68 0  -0.048 1  0 1  81.780     0 0.0000  8.9
  6 69 0  -0.057 1  0 1  81.960     0 0.0000  8.9
  6 70 0  -0.009 1  1 0  85.180     0 0.0000  8.9
  6 71 0  -0.035 1  0 0  89.170     0 0.0000  8.9
  6 72 0  -0.077 1  0 1  92.820     0 0.0000  8.9
  6 73 0  -0.039 1  0 1  95.110     0 0.0000  8.9
  6 74 0   0.045 1  1 0 101.100     0 0.0000  8.9
  6 75 0   0.028 0  0 0 100.700     0 0.0000  8.9
  6 76 0  -0.052 0  0 1  98.470     0 0.0000  8.9
  6 77 0  -0.063 0  0 1 104.200     0 0.0000  8.9
  6 78 0  -0.070 0  1 0 107.300     0 0.0000  8.9
  6 79 0  -0.017 0  0 0 112.000     0 0.0000  8.9
  6 80 0   0.014 0  0 1 113.600     0 0.0000  8.9
  6 81 0  -0.005 0  0 1 116.200     0 0.0000  8.9
  6 82 0  -0.123 0  1 0 117.800     1 0.1429  8.9
  6 83 1  -0.127 0  0 0 122.000     1 0.1429  8.9
  7 64 0  -0.193 0  0 1  90.740     0 0.0000  1.3
  7 65 0  -0.160 0  0 1  93.270     0 0.0000  1.3
  7 66 0  -0.165 0  1 0  95.140     0 0.0000  1.3
  7 67 0  -0.081 1  0 0 100.400     0 0.0000  1.3
  7 68 0  -0.061 1  0 1 105.700     1 0.3333  1.3
  7 69 0  -0.136 1  0 1 108.300     1 0.3333  1.3
  7 70 0  -0.205 1  1 0 112.000     1 0.3333  1.3
  7 71 0  -0.191 0  0 0 112.000     1 0.3333  1.3
  7 72 0  -0.288 0  0 1 110.900     1 0.3333  1.3
  7 73 0  -0.186 1  0 1 114.700     2 0.6667  1.3
  7 74 0  -0.059 1  1 0 120.500     2 0.6667  1.3
  7 75 0  -0.085 1  0 0 118.000     3 1.0000  1.3
  7 76 0  -0.235 1  0 1 115.600     3 1.0000  1.3
  7 77 0  -0.242 1  0 1 118.400     3 1.0000  1.3
  7 78 0  -0.124 1  1 0 121.100     3 1.0000  1.3
  7 79 0  -0.087 1  0 0 124.500     3 1.0000  1.3
  7 80 0  -0.046 1  0 1 130.200     3 1.0000  1.3
  7 81 0  -0.069 0  0 1 135.400     3 1.0000  1.3
  7 82 1  -0.078 0  1 0 135.900     3 1.0000  1.3
  8 64 0  -0.309 1  1 0  94.940     0 0.0000  2.9
  8 65 0  -0.298 1  0 0  98.410     0 0.0000  2.9
  8 66 0  -0.277 1  0 1  94.760     0 0.0000  2.9
  8 67 0  -0.033 0  0 1  96.060     0 0.0000  2.9
  8 68 0  -0.138 0  1 0  96.620     0 0.0000  2.9
  8 69 0  -0.090 1  0 0  96.600     0 0.0000  2.9
  8 70 0  -0.145 1  0 1 100.100     0 0.0000  2.9
  8 71 0  -0.123 1  0 1 101.700     0 0.0000  2.9
  8 72 0  -0.125 1  1 0 103.500     1 0.3333  2.9
  8 73 0  -0.066 0  0 0 105.000     2 0.6667  2.9
  8 74 0  -0.152 0  0 1 116.800     3 1.0000  2.9
  8 75 1  -0.040 1  0 1 114.400     3 1.0000  2.9
  9 64 0  -0.275 1  1 0  62.610     0 0.0000 15.3
  9 65 0  -0.211 1  0 0  64.980     0 0.0000 15.3
  9 66 0  -0.243 1  1 0  67.980     0 0.0000 15.3
  9 67 0   0.002 0  0 0  71.160     0 0.0000 15.3
  9 68 0  -0.028 0  0 1  75.310     0 0.0000 15.3
  9 69 0  -0.037 0  0 1  77.680     0 0.0000 15.3
  9 70 0  -0.034 0  1 0  82.200     0 0.0000 15.3
  9 71 0  -0.048 1  0 0  85.530     0 0.0000 15.3
  9 72 0  -0.090 1  0 1  87.400     0 0.0000 15.3
  9 73 0  -0.001 1  0 1  88.600     0 0.0000 15.3
  9 74 0   0.024 1  1 0  99.000     0 0.0000 15.3
  9 75 0  -0.032 1  0 0  98.920     0 0.0000 15.3
  9 76 0  -0.132 1  0 1  94.160     0 0.0000 15.3
  9 77 0  -0.146 1  0 1  98.300     0 0.0000 15.3
  9 78 0  -0.100 1  1 0 100.000     0 0.0000 15.3
  9 79 0  -0.016 1  0 0 104.900     0 0.0000 15.3
  9 80 0  -0.025 1  0 1 102.300     0 0.0000 15.3
  9 81 0  -0.011 1  0 1 103.700     0 0.0000 15.3
  9 82 0  -0.026 1  1 0 107.400     0 0.0000 15.3
  9 83 0  -0.106 1  0 0 109.200     0 0.0000 15.3
  9 84 0  -0.083 1  0 1 110.700     0 0.0000 15.3
  9 85 0   0.000 1  0 1 118.100     0 0.0000 15.3
  9 86 1  -0.076 1  1 0 123.000     0 0.0000 15.3
 10 64 0  -0.280 1  0 1  53.240     0 0.0000 31.1
 10 65 0  -0.206 1  0 1  55.480     0 0.0000 31.1
 10 66 0  -0.211 1  1 0  60.490     0 0.0000 31.1
 10 67 0   0.012 1  0 0  64.760     0 0.0000 31.1
 10 68 0  -0.042 1  0 1  67.820     0 0.0000 31.1
 10 69 0  -0.063 1  0 1  72.170     0 0.0000 31.1
 10 70 0  -0.044 1  1 0  76.340     0 0.0000 31.1
 10 71 0  -0.046 1  0 0  77.990     0 0.0000 31.1
 10 72 0  -0.086 1  0 1  80.130     0 0.0000 31.1
 10 73 0  -0.005 1  0 1  82.340     0 0.0000 31.1
 10 74 0  -0.012 1  1 0  87.990     0 0.0000 31.1
 10 75 0  -0.037 1  0 0  86.690     0 0.0000 31.1
 10 76 0  -0.109 1  0 1  84.000     0 0.0000 31.1
 10 77 0  -0.121 1  0 1  88.780     0 0.0000 31.1
 10 78 0  -0.075 1  1 0  90.380     0 0.0000 31.1
 10 79 0  -0.050 1  0 0  93.740     0 0.0000 31.1
 10 80 0  -0.057 1  0 1  92.670     0 0.0000 31.1
 10 81 0  -0.065 1  0 1  93.140     0 0.0000 31.1
 10 82 0  -0.052 1  1 0  94.450     0 0.0000 31.1
 10 83 0  -0.105 1  0 0  95.670     0 0.0000 31.1
 10 84 0  -0.076 1  0 1  97.910     0 0.0000 31.1
 10 85 0  -0.034 1  0 1 108.900     0 0.0000 31.1
 10 86 0  -0.006 1  1 0 112.200     0 0.0000 31.1
 12 64 0  -0.237 1  0 1  57.550     0 0.0000 33.6
 12 65 0  -0.198 1  0 1  58.220     0 0.0000 33.6
 12 66 0  -0.152 1  1 0  67.090     0 0.0000 33.6
 12 67 0  -0.057 1  0 0  66.520     0 0.0000 33.6
 12 68 0  -0.062 1  0 1  68.250     0 0.0000 33.6
 12 69 0  -0.025 1  0 1  68.730     0 0.0000 33.6
 12 70 0  -0.035 1  1 0  73.090     0 0.0000 33.6
 12 71 0  -0.161 0  0 0  74.670     0 0.0000 33.6
 12 72 0  -0.117 0  0 1  75.460     0 0.0000 33.6
 12 73 0  -0.090 0  0 1  79.410     0 0.0000 33.6
 12 74 0  -0.067 0  1 0  88.870     0 0.0000 33.6
 12 75 0  -0.089 0  0 0  89.880     0 0.0000 33.6
 12 76 0  -0.120 0  0 1  85.260     0 0.0000 33.6
 12 77 0  -0.154 0  0 1  92.050     0 0.0000 33.6
 12 78 0  -0.146 0  1 0  89.290     0 0.0000 33.6
 12 79 0  -0.106 0  0 0  95.510     0 0.0000 33.6
 12 80 0  -0.067 0  0 1  93.970     0 0.0000 33.6
 12 81 0  -0.119 0  0 1  92.990     0 0.0000 33.6
 12 82 0  -0.132 0  1 0  94.020     0 0.0000 33.6
 12 83 0  -0.165 0  0 0  89.210     1 0.1667 33.6
 12 84 0  -0.130 0  0 1  91.970     1 0.1667 33.6
 12 85 0  -0.107 0  0 1  93.390     2 0.3333 33.6
 12 86 1  -0.098 0  1 0  99.510     2 0.3333 33.6
 13 64 0  -0.220 0  1 0  84.040     0 0.0000  8.1
 13 65 0  -0.179 0  0 0  86.600     0 0.0000  8.1
 13 66 0  -0.229 0  0 1  92.030     0 0.0000  8.1
 13 67 0  -0.003 0  0 1  96.090     0 0.0000  8.1
 13 68 0  -0.114 0  1 0  99.730     0 0.0000  8.1
 13 69 0  -0.038 1  0 0 101.300     0 0.0000  8.1
 13 70 0  -0.063 1  0 1 104.500     0 0.0000  8.1
 13 71 0  -0.006 0  0 1 104.800     0 0.0000  8.1
 13 72 0  -0.051 0  1 0 106.200     0 0.0000  8.1
 13 73 0  -0.017 0  0 0 109.900     1 0.1667  8.1
 13 74 1  -0.037 0  0 1 117.600     1 0.1667  8.1
 14 64 0  -0.282 0  1 0  70.730     0 0.0000 10.3
 14 65 0  -0.246 1  0 0  72.670     0 0.0000 10.3
 14 66 0  -0.242 1  0 1  79.820     0 0.0000 10.3
 14 67 0   0.017 0  0 1  83.700     0 0.0000 10.3
 14 68 0  -0.014 0  1 0  84.740     0 0.0000 10.3
 14 69 0  -0.083 1  0 0  86.340     0 0.0000 10.3
 14 70 0  -0.045 1  0 1  89.430     0 0.0000 10.3
 14 71 0  -0.002 1  0 1  88.260     0 0.0000 10.3
 14 72 0  -0.071 1  1 0  89.570     0 0.0000 10.3
 14 73 0  -0.041 1  0 0  93.980     1 0.2500 10.3
 14 74 0  -0.014 1  0 1 101.300     1 0.2500 10.3
 14 75 0   0.118 0  0 1  95.420     3 0.7500 10.3
 14 76 0  -0.033 0  1 0  94.510     3 0.7500 10.3
 14 77 0  -0.115 0  0 0  99.820     3 0.7500 10.3
 14 78 0  -0.006 0  0 1 103.400     3 0.7500 10.3
 14 79 0   0.043 1  0 1 107.700     3 0.7500 10.3
 14 80 0   0.034 1  1 0 108.200     3 0.7500 10.3
 14 81 0  -0.112 1  0 0 103.500     3 0.7500 10.3
 14 82 0  -0.138 1  0 1 102.400     3 0.7500 10.3
 14 83 0  -0.104 1  0 1 100.000     3 0.7500 10.3
 14 84 0  -0.072 1  1 0 100.800     3 0.7500 10.3
 14 85 0   0.016 1  0 0 108.500     3 0.7500 10.3
 14 86 0   0.003 1  0 1 111.400     3 0.7500 10.3
 15 64 0  -0.255 0  1 0  67.350     0 0.0000  7.8
 15 65 0  -0.214 1  0 0  67.810     0 0.0000  7.8
 15 66 0  -0.226 1  1 0  74.990     0 0.0000  7.8
 15 67 0  -0.028 0  0 0  81.420     0 0.0000  7.8
 15 68 0  -0.053 0  1 0  82.050     0 0.0000  7.8
 15 69 0  -0.133 1  0 0  82.270     0 0.0000  7.8
 15 70 0  -0.141 1  1 0  85.770     0 0.0000  7.8
 15 71 0  -0.127 1  0 0  87.250     0 0.0000  7.8
 15 72 0  -0.143 1  1 0  86.340     0 0.0000  7.8
 15 73 0  -0.122 1  0 0  92.070     0 0.0000  7.8
 15 74 0  -0.040 1  1 0 108.400     0 0.0000  7.8
 15 75 0  -0.037 0  0 0  96.850     1 0.1667  7.8
 15 76 0  -0.088 0  0 1  99.870     1 0.1667  7.8
 15 77 0  -0.186 0  0 1 102.800     1 0.1667  7.8
 15 78 0  -0.156 0  1 0 102.700     1 0.1667  7.8
 15 79 0  -0.142 1  0 0 110.000     1 0.1667  7.8
 15 80 0  -0.144 1  0 1 111.600     1 0.1667  7.8
 15 81 0  -0.133 1  0 1 108.300     1 0.1667  7.8
 15 82 0  -0.135 1  1 0 110.000     1 0.1667  7.8
 15 83 0  -0.162 0  0 0 107.900     1 0.1667  7.8
 15 84 0  -0.200 0  0 1 102.800     1 0.1667  7.8
 15 85 1  -0.132 0  0 1 112.600     2 0.3333  7.8
 16 64 0  -0.264 1  1 0  64.410     0 0.0000 10.5
 16 65 0  -0.240 1  0 0  66.750     0 0.0000 10.5
 16 66 0  -0.195 1  1 0  74.020     0 0.0000 10.5
 16 67 0   0.026 0  0 0  77.880     0 0.0000 10.5
 16 68 0   0.025 0  1 0  81.110     0 0.0000 10.5
 16 69 0  -0.002 0  0 0  86.990     0 0.0000 10.5
 16 70 0  -0.010 0  1 0  88.260     0 0.0000 10.5
 16 71 0  -0.058 0  0 0  91.210     0 0.0000 10.5
 16 72 0  -0.083 0  1 0  93.640     0 0.0000 10.5
 16 73 0  -0.041 0  0 0  98.190     0 0.0000 10.5
 16 74 0   0.080 0  1 0 108.400     0 0.0000 10.5
 16 75 0   0.025 1  0 0 100.800     0 0.0000 10.5
 16 76 0  -0.024 1  0 1 100.100     0 0.0000 10.5
 16 77 0  -0.071 0  0 1 104.200     0 0.0000 10.5
 16 78 0  -0.067 0  1 0 107.200     0 0.0000 10.5
 16 79 0  -0.009 0  0 0 111.900     0 0.0000 10.5
 16 80 0  -0.025 0  0 1 119.300     0 0.0000 10.5
 16 81 0  -0.041 0  0 1 115.400     0 0.0000 10.5
 16 82 0  -0.093 0  1 0 113.700     0 0.0000 10.5
 16 83 0  -0.078 0  0 0 117.600     0 0.0000 10.5
 16 84 0  -0.110 0  0 1 117.600     1 0.2500 10.5
 16 85 0  -0.023 0  0 1 122.700     2 0.5000 10.5
 16 86 1  -0.033 0  1 0 123.300     2 0.5000 10.5
 17 64 0  -0.323 1  0 0  51.520     0 0.0000 31.4
 17 65 0  -0.254 1  0 1  52.290     0 0.0000 31.4
 17 66 0  -0.206 1  0 1  57.330     0 0.0000 31.4
 17 67 0  -0.068 1  1 0  61.100     0 0.0000 31.4
 17 68 0  -0.093 0  0 0  64.240     0 0.0000 31.4
 17 69 0  -0.146 0  0 1  67.870     0 0.0000 31.4
 17 70 0  -0.047 0  0 1  70.140     0 0.0000 31.4
 17 71 0  -0.091 0  1 0  72.170     0 0.0000 31.4
 17 72 0  -0.050 1  0 0  73.340     0 0.0000 31.4
 17 73 0  -0.102 1  0 1  77.080     0 0.0000 31.4
 17 74 0  -0.004 1  0 1  82.280     0 0.0000 31.4
 17 75 0   0.040 1  1 0  81.310     2 0.2500 31.4
 17 76 0  -0.021 1  0 0  79.360     2 0.2500 31.4
 17 77 0  -0.073 1  0 1  86.470     2 0.2500 31.4
 17 78 0  -0.069 1  0 1  89.850     2 0.2500 31.4
 17 79 0  -0.060 1  1 0  93.090     2 0.2500 31.4
 17 80 0  -0.107 1  0 0  91.530     2 0.2500 31.4
 17 81 0  -0.181 1  0 1  88.100     2 0.2500 31.4
 17 82 0  -0.164 1  0 1  88.700     2 0.2500 31.4
 17 83 0  -0.100 1  1 0  88.740     2 0.2500 31.4
 17 84 0  -0.124 0  0 0  90.300     2 0.2500 31.4
 17 85 0  -0.099 1  0 1  95.350     4 0.5000 31.4
 17 86 0  -0.009 1  0 1  96.860     4 0.5000 31.4
 18 64 0  -0.217 1  1 0  51.690     0 0.0000 18.4
 18 65 0  -0.250 1  0 0  53.330     0 0.0000 18.4
 18 66 0  -0.220 1  0 1  58.080     0 0.0000 18.4
 18 67 0   0.020 1  0 1  61.950     0 0.0000 18.4
 18 68 0  -0.091 1  1 0  65.270     0 0.0000 18.4
 18 69 0  -0.070 1  0 0  69.350     0 0.0000 18.4
 18 70 0  -0.023 1  0 1  70.140     0 0.0000 18.4
 18 71 0  -0.033 1  0 1  70.850     0 0.0000 18.4
 18 72 0  -0.066 1  1 0  72.290     0 0.0000 18.4
 18 73 0  -0.052 1  0 0  75.040     0 0.0000 18.4
 18 74 0  -0.047 1  0 1  87.720     0 0.0000 18.4
 18 75 0  -0.010 1  1 0  80.280     0 0.0000 18.4
 18 76 0  -0.067 1  0 0  79.510     0 0.0000 18.4
 18 77 0  -0.094 1  0 1  85.330     0 0.0000 18.4
 18 78 0  -0.118 1  0 1  88.470     0 0.0000 18.4
 18 79 0  -0.063 1  1 0  92.680     0 0.0000 18.4
 18 80 0  -0.015 0  0 0  94.190     0 0.0000 18.4
 18 81 0  -0.019 0  0 1  97.490     0 0.0000 18.4
 18 82 0  -0.081 0  0 1 100.800     0 0.0000 18.4
 18 83 0  -0.105 0  1 0 101.800     0 0.0000 18.4
 18 84 0  -0.224 0  0 0  98.610     0 0.0000 18.4
 18 85 0  -0.203 1  0 1 100.100     0 0.0000 18.4
 18 86 0  -0.082 1  0 1 100.900     0 0.0000 18.4
 19 64 0  -0.171 1  0 1  58.080     0 0.0000  2.3
 19 65 0  -0.144 0  0 1  61.320     1 0.5000  2.3
 19 66 0  -0.095 0  1 0  63.930     1 0.5000  2.3
 19 67 0  -0.110 0  0 0  67.390     1 0.5000  2.3
 19 68 0  -0.181 0  0 1  69.960     1 0.5000  2.3
 19 69 0  -0.196 0  0 1  70.620     1 0.5000  2.3
 19 70 0  -0.197 0  1 0  73.400     1 0.5000  2.3
 19 71 0  -0.194 0  0 0  74.820     1 0.5000  2.3
 19 72 0  -0.207 0  0 1  74.740     1 0.5000  2.3
 19 73 0  -0.119 0  0 1  77.220     2 1.0000  2.3
 19 74 1  -0.126 0  1 0  81.990     2 1.0000  2.3
 20 64 0  -0.328 1  0 1  79.370     0 0.0000  4.9
 20 65 0  -0.310 1  0 1  81.780     0 0.0000  4.9
 20 66 0  -0.300 1  1 0  84.240     0 0.0000  4.9
 20 67 0  -0.060 0  0 0  87.210     0 0.0000  4.9
 20 68 0  -0.053 0  0 1  90.960     0 0.0000  4.9
 20 69 0  -0.072 1  0 1  93.760     0 0.0000  4.9
 20 70 0  -0.032 1  1 0  96.640     0 0.0000  4.9
 20 71 0   0.007 1  0 0 100.000     0 0.0000  4.9
 20 72 0  -0.094 1  0 1 100.500     0 0.0000  4.9
 20 73 1  -0.132 1  0 1 105.300     1 0.2500  4.9
 21 64 0  -0.301 1  1 0  82.290     0 0.0000  0.8
 21 65 0  -0.317 0  0 0  85.660     1 0.1667  0.8
 21 66 0  -0.310 0  1 0  85.540     1 0.1667  0.8
 21 67 0  -0.083 0  0 0  89.020     1 0.1667  0.8
 21 68 0  -0.059 0  0 1  93.890     2 0.3333  0.8
 21 69 0  -0.094 0  0 1  95.060     2 0.3333  0.8
 21 70 0  -0.066 0  1 0  98.030     2 0.3333  0.8
 21 71 0  -0.118 0  0 0 101.300     2 0.3333  0.8
 21 72 1  -0.186 0  0 1 101.500     2 0.3333  0.8
 22 64 0  -0.276 1  1 0  74.500     0 0.0000  7.5
 22 65 0  -0.235 0  0 0  78.220     0 0.0000  7.5
 22 66 0  -0.220 0  1 0  84.370     0 0.0000  7.5
 22 67 0  -0.097 0  0 0  88.960     0 0.0000  7.5
 22 68 0  -0.169 0  0 1  90.010     0 0.0000  7.5
 22 69 0  -0.097 0  0 1  94.040     0 0.0000  7.5
 22 70 0  -0.065 0  1 0  97.190     0 0.0000  7.5
 22 71 0  -0.102 0  0 0  96.390     0 0.0000  7.5
 22 72 1  -0.149 0  0 1  98.670     0 0.0000  7.5
 23 64 0  -0.244 9  0 1  67.470     0 0.0000  9.3
 23 65 0  -0.256 9  0 1  67.810     0 0.0000  9.3
 23 66 0  -0.271 9  1 0  74.860     0 0.0000  9.3
 23 67 0   0.050 9  0 0  79.020     0 0.0000  9.3
 23 68 0   0.035 9  0 1  81.840     0 0.0000  9.3
 23 69 0   0.000 9  0 1  83.780     0 0.0000  9.3
 23 70 0   0.009 9  1 0  87.230     0 0.0000  9.3
 23 71 0  -0.052 9  0 0  89.790     0 0.0000  9.3
 23 72 0  -0.094 9  0 1  89.910     0 0.0000  9.3
 23 73 0  -0.055 9  0 1  93.340     0 0.0000  9.3
 23 74 0  -0.018 9  1 0 104.300     0 0.0000  9.3
 23 75 0   0.007 9  0 0  99.440     0 0.0000  9.3
 23 76 0   0.024 9  0 1  97.440     0 0.0000  9.3
 23 77 0  -0.068 9  0 1  98.580     0 0.0000  9.3
 23 78 0  -0.070 9  1 0 106.600     0 0.0000  9.3
 23 79 0  -0.039 9  0 0 109.800     0 0.0000  9.3
 23 80 0   0.005 9  0 1 114.100     0 0.0000  9.3
 23 81 0  -0.030 9  0 1 112.400     0 0.0000  9.3
 23 82 0  -0.062 9  1 0 113.300     0 0.0000  9.3
 23 83 0  -0.120 9  0 0 111.700     0 0.0000  9.3
 23 84 0   0.053 9  0 1 114.400     0 0.0000  9.3
 23 85 0   0.038 0  0 1 122.600     0 0.0000  9.3
 23 86 0   0.017 0  1 0 126.100     1 0.2500  9.3
 24 64 0  -0.253 1  0 0  40.330     0 0.0000 34.4
 24 65 0  -0.300 1  0 1  41.330     0 0.0000 34.4
 24 66 0  -0.254 1  0 1  44.860     0 0.0000 34.4
 24 67 0  -0.017 1  1 0  48.360     0 0.0000 34.4
 24 68 0  -0.040 1  0 0  50.490     0 0.0000 34.4
 24 69 0  -0.122 1  0 1  55.970     0 0.0000 34.4
 24 70 0  -0.105 1  0 1  57.470     0 0.0000 34.4
 24 71 0  -0.096 1  1 0  60.820     0 0.0000 34.4
 24 72 0  -0.097 1  0 0  62.290     0 0.0000 34.4
 24 73 0  -0.059 1  0 1  65.490     0 0.0000 34.4
 24 74 0  -0.008 1  0 1  71.790     0 0.0000 34.4
 24 75 0  -0.067 1  1 0  69.110     0 0.0000 34.4
 24 76 0  -0.090 1  0 0  68.610     0 0.0000 34.4
 24 77 0  -0.128 1  0 1  72.950     0 0.0000 34.4
 24 78 0  -0.085 1  0 1  75.370     0 0.0000 34.4
 24 79 0  -0.017 1  1 0  80.230     0 0.0000 34.4
 24 80 0  -0.063 1  0 0  76.570     0 0.0000 34.4
 24 81 0  -0.078 1  0 1  76.090     0 0.0000 34.4
 24 82 0  -0.116 1  0 1  77.780     0 0.0000 34.4
 24 83 0  -0.104 1  1 0  77.230     0 0.0000 34.4
 24 84 0  -0.111 1  0 0  77.980     0 0.0000 34.4
 24 85 0  -0.076 1  0 1  81.250     0 0.0000 34.4
 24 86 0  -0.072 1  0 1  82.210     0 0.0000 34.4
 25 64 0  -0.212 1  1 0  71.710     0 0.0000 20.4
 25 65 0  -0.175 1  0 0  73.360     0 0.0000 20.4
 25 66 0  -0.144 1  0 1  74.670     0 0.0000 20.4
 25 67 0   0.047 1  0 1  76.650     0 0.0000 20.4
 25 68 0   0.000 1  1 0  79.940     0 0.0000 20.4
 25 69 0  -0.031 1  0 0  83.970     0 0.0000 20.4
 25 70 0  -0.095 1  0 1  84.500     0 0.0000 20.4
 25 71 0  -0.104 1  0 1  86.570     0 0.0000 20.4
 25 72 0  -0.109 1  1 0  87.720     0 0.0000 20.4
 25 73 0  -0.039 0  0 0  90.220     0 0.0000 20.4
 25 74 0   0.022 0  0 1  97.850     0 0.0000 20.4
 25 75 0  -0.012 0  0 1  92.410     1 0.1250 20.4
 25 76 0  -0.120 0  1 0  91.150     1 0.1250 20.4
 25 77 0  -0.154 1  0 0  95.770     1 0.1250 20.4
 25 78 0  -0.056 1  0 1  99.150     1 0.1250 20.4
 25 79 0  -0.022 0  0 1 102.700     1 0.1250 20.4
 25 80 0  -0.013 0  1 0 105.100     1 0.1250 20.4
 25 81 0  -0.082 0  0 0 103.800     1 0.1250 20.4
 25 82 0  -0.142 0  0 1 102.100     1 0.1250 20.4
 25 83 0  -0.092 0  0 1 101.900     1 0.1250 20.4
 25 84 1  -0.058 0  1 0 105.500     1 0.1250 20.4
 26 64 0  -0.114 0  1 0  64.310     0 0.0000  7.9
 26 65 0  -0.136 0  0 0  64.590     0 0.0000  7.9
 26 66 0  -0.150 0  0 1  68.490     0 0.0000  7.9
 26 67 0  -0.132 0  0 1  71.400     0 0.0000  7.9
 26 68 0  -0.153 0  1 0  73.730     0 0.0000  7.9
 26 69 0  -0.149 0  0 0  74.170     0 0.0000  7.9
 26 70 0  -0.167 0  0 1  76.290     0 0.0000  7.9
 26 71 0  -0.163 0  0 1  80.150     0 0.0000  7.9
 26 72 0  -0.180 0  1 0  81.470     0 0.0000  7.9
 26 73 0  -0.085 1  0 0  83.740     0 0.0000  7.9
 26 74 0  -0.061 1  0 1  94.470     0 0.0000  7.9
 26 75 0  -0.065 1  0 1  89.620     0 0.0000  7.9
 26 76 0  -0.088 1  1 0  92.920     0 0.0000  7.9
 26 77 0  -0.135 0  0 0  88.860     0 0.0000  7.9
 26 78 0  -0.144 0  0 1  91.960     0 0.0000  7.9
 26 79 0  -0.138 0  0 1  97.920     0 0.0000  7.9
 26 80 0  -0.100 0  1 0  98.080     0 0.0000  7.9
 26 81 0  -0.059 0  0 0  98.650     0 0.0000  7.9
 26 82 0  -0.039 0  0 1  99.040     0 0.0000  7.9
 26 83 0  -0.041 0  0 1  95.320     0 0.0000  7.9
 26 84 0  -0.103 0  1 0  95.760     0 0.0000  7.9
 26 85 0  -0.116 0  0 0  99.870     0 0.0000  7.9
 26 86 1  -0.109 0  0 1  98.200     0 0.0000  7.9
 27 64 0  -0.220 9  1 0  89.460     0 0.0000 10.9
 27 65 0  -0.176 9  0 0  89.280     0 0.0000 10.9
 27 66 0  -0.182 9  1 0  95.940     0 0.0000 10.9
 27 67 0  -0.037 9  0 0  99.620     0 0.0000 10.9
 27 68 0  -0.050 9  0 1 102.600     0 0.0000 10.9
 27 69 0   0.061 9  0 1  95.460     0 0.0000 10.9
 27 70 0   0.033 9  1 0  97.730     0 0.0000 10.9
 27 71 0   0.042 9  0 0  94.680     0 0.0000 10.9
 27 72 0  -0.009 9  0 1  93.590     0 0.0000 10.9
 27 73 0   0.007 9  0 1  92.490     0 0.0000 10.9
 27 74 0   0.070 9  1 0 101.800     0 0.0000 10.9
 27 75 0   0.033 9  0 0  82.770     0 0.0000 10.9
 27 76 0  -0.087 9  0 1  82.180     0 0.0000 10.9
 27 77 0  -0.053 9  0 1  74.880     0 0.0000 10.9
 27 78 0   0.002 9  1 0  71.850     0 0.0000 10.9
 27 79 0   0.019 9  0 0  69.410     0 0.0000 10.9
 27 80 0   0.011 9  0 1 111.800     0 0.0000 10.9
 27 81 0   0.020 9  0 1 108.300     0 0.0000 10.9
 27 82 0  -0.045 9  1 0 109.200     0 0.0000 10.9
 27 83 0  -0.052 9  0 0 106.700     0 0.0000 10.9
 27 84 0  -0.015 9  0 1 108.500     1 0.1667 10.9
 27 85 0   0.020 9  0 1 115.100     2 0.3333 10.9
 27 86 0  -0.063 9  1 0 118.800     3 0.5000 10.9
 28 64 0  -0.203 0  0 1 124.000     0 0.0000 13.4
 28 65 0  -0.206 0  0 1 119.700     0 0.0000 13.4
 28 66 0  -0.189 0  1 0 121.000     0 0.0000 13.4
 28 67 0  -0.164 0  0 0 119.900     0 0.0000 13.4
 28 68 0  -0.139 0  0 1 121.700     0 0.0000 13.4
 28 69 0  -0.171 0  0 1 115.100     0 0.0000 13.4
 28 70 0  -0.071 0  1 0 116.900     0 0.0000 13.4
 28 71 0  -0.101 0  0 0 112.300     0 0.0000 13.4
 28 72 0  -0.092 0  0 1 113.400     0 0.0000 13.4
 28 73 0  -0.144 1  0 1 108.500     0 0.0000 13.4
 28 74 0  -0.097 1  1 0 108.400     0 0.0000 13.4
 28 75 0  -0.074 1  0 0  95.950     0 0.0000 13.4
 28 76 0  -0.130 1  0 1  88.280     0 0.0000 13.4
 28 77 0  -0.183 1  0 1  87.950     0 0.0000 13.4
 28 78 0  -0.167 1  1 0  85.190     0 0.0000 13.4
 28 79 0  -0.178 0  0 0  85.130     0 0.0000 13.4
 28 80 0  -0.157 0  0 1 123.500     0 0.0000 13.4
 28 81 0  -0.245 0  0 1 123.000     0 0.0000 13.4
 28 82 0  -0.277 0  1 0 122.500     1 0.2000 13.4
 28 83 0  -0.220 1  0 0 116.500     1 0.2000 13.4
 28 84 0  -0.257 1  0 1 118.800     1 0.2000 13.4
 28 85 0  -0.149 0  0 1 123.300     3 0.6000 13.4
 28 86 0  -0.149 0  1 0 129.600     3 0.6000 13.4
 29 64 1  -0.189 0  1 0  65.150     0 0.0000  1.2
 30 64 0  -0.160 0  0 1  83.690     0 0.0000  1.1
 30 65 0  -0.180 0  1 0  85.880     0 0.0000  1.1
 30 66 0  -0.166 1  0 0  90.640     0 0.0000  1.1
 30 67 0  -0.121 1  0 1  93.740     0 0.0000  1.1
 30 68 0  -0.047 0  0 1  97.790     1 0.3333  1.1
 30 69 0  -0.061 0  1 0 101.900     1 0.3333  1.1
 30 70 0  -0.080 1  0 0 104.100     1 0.3333  1.1
 30 71 1  -0.167 1  0 1 106.600     1 0.3333  1.1
 31 64 0  -0.223 1  1 0  57.260     0 0.0000 16.4
 31 65 0  -0.199 1  0 0  58.420     0 0.0000 16.4
 31 66 0  -0.186 1  1 0  61.210     0 0.0000 16.4
 31 67 0   0.022 0  0 0  64.900     0 0.0000 16.4
 31 68 0   0.000 0  1 0  65.890     0 0.0000 16.4
 31 69 0   0.009 0  0 0  68.320     0 0.0000 16.4
 31 70 0   0.059 0  1 0  69.410     0 0.0000 16.4
 31 71 0   0.037 1  0 0  72.990     0 0.0000 16.4
 31 72 0   0.023 1  0 1  72.380     0 0.0000 16.4
 31 73 0   0.038 1  0 1  77.610     0 0.0000 16.4
 31 74 0   0.046 1  1 0  79.360     0 0.0000 16.4
 31 75 0   0.035 1  0 0  75.220     0 0.0000 16.4
 31 76 0   0.107 1  0 1  75.370     0 0.0000 16.4
 31 77 0   0.045 1  0 1  83.140     0 0.0000 16.4
 31 78 0   0.069 1  1 0  87.720     0 0.0000 16.4
 31 79 0   0.116 1  0 0  91.100     0 0.0000 16.4
 31 80 0   0.063 1  0 1  93.730     0 0.0000 16.4
 31 81 0   0.138 1  0 1  90.420     0 0.0000 16.4
 31 82 0   0.215 1  1 0  89.730     1 0.2000 16.4
 31 83 0   0.159 1  0 0  91.380     1 0.2000 16.4
 31 84 0   0.083 1  0 1  92.620     2 0.4000 16.4
 31 85 0   0.039 0  0 1  94.980     2 0.4000 16.4
 31 86 0   0.027 0  1 0  97.660     2 0.4000 16.4
 32 64 0  -0.366 1  0 1  87.560     0 0.0000  1.4
 32 65 0  -0.356 0  0 1  90.580     0 0.0000  1.4
 32 66 0  -0.352 0  1 0  91.940     0 0.0000  1.4
 32 67 1  -0.156 0  0 0  95.170     0 0.0000  1.4
 33 64 0  -0.255 1  1 0  52.170     0 0.0000 28.5
 33 65 0  -0.257 1  0 0  54.630     0 0.0000 28.5
 33 66 0  -0.233 1  0 1  57.240     0 0.0000 28.5
 33 67 0   0.018 1  0 1  61.930     0 0.0000 28.5
 33 68 0  -0.027 1  1 0  64.450     0 0.0000 28.5
 33 69 0  -0.057 1  0 0  69.410     0 0.0000 28.5
 33 70 0  -0.023 1  0 1  72.820     0 0.0000 28.5
 33 71 0  -0.037 1  0 1  75.020     0 0.0000 28.5
 33 72 0  -0.040 1  1 0  75.940     0 0.0000 28.5
 33 73 0  -0.008 0  0 0  79.570     0 0.0000 28.5
 33 74 0   0.055 0  0 1  86.460     0 0.0000 28.5
 33 75 0   0.032 0  0 1  84.330     0 0.0000 28.5
 33 76 0  -0.088 0  1 0  81.410     0 0.0000 28.5
 33 77 0  -0.193 1  0 0  86.570     0 0.0000 28.5
 33 78 0  -0.076 1  0 1  89.130     0 0.0000 28.5
 33 79 0  -0.089 1  0 1  92.220     0 0.0000 28.5
 33 80 0  -0.083 1  1 0  91.300     0 0.0000 28.5
 33 81 0  -0.063 1  0 0  90.300     0 0.0000 28.5
 33 82 0  -0.119 1  0 1  91.360     0 0.0000 28.5
 33 83 0  -0.106 1  0 1  90.450     0 0.0000 28.5
 33 84 0  -0.100 1  1 0  94.110     0 0.0000 28.5
 33 85 0  -0.021 0  0 0 100.400     0 0.0000 28.5
 33 86 0  -0.024 0  0 1 104.000     0 0.0000 28.5
 34 64 0  -0.156 0  1 0  58.510     0 0.0000  6.9
 34 65 0  -0.167 0  0 0  60.570     0 0.0000  6.9
 34 66 0  -0.101 0  0 1  64.030     0 0.0000  6.9
 34 67 0  -0.010 0  0 1  64.870     0 0.0000  6.9
 34 68 0  -0.066 0  1 0  66.820     0 0.0000  6.9
 34 69 0  -0.057 0  0 0  70.190     0 0.0000  6.9
 34 70 0  -0.019 0  0 1  72.690     0 0.0000  6.9
 34 71 0  -0.036 0  0 1  71.430     0 0.0000  6.9
 34 72 0  -0.027 0  1 0  77.940     0 0.0000  6.9
 34 73 0  -0.023 0  0 0  81.060     0 0.0000  6.9
 34 74 0   0.024 0  0 1  99.020     0 0.0000  6.9
 34 75 0   0.090 0  0 1 103.900     0 0.0000  6.9
 34 76 0   0.122 0  1 0  98.200     0 0.0000  6.9
 34 77 0   0.043 0  0 0  86.680     0 0.0000  6.9
 34 78 0  -0.001 0  0 1  92.230     0 0.0000  6.9
 34 79 0   0.009 0  0 1 105.000     0 0.0000  6.9
 34 80 0  -0.045 0  1 0 106.100     0 0.0000  6.9
 34 81 0  -0.003 1  0 0 101.000     0 0.0000  6.9
 34 82 0   0.066 1  0 1 107.500     0 0.0000  6.9
 34 83 0  -0.041 0  0 1 108.400     0 0.0000  6.9
 34 84 0  -0.111 0  1 0 110.600     0 0.0000  6.9
 34 85 0  -0.034 0  0 0 114.300     0 0.0000  6.9
 34 86 0  -0.045 0  0 1 107.800     0 0.0000  6.9
 35 64 0  -0.270 1  0 1  72.900     0 0.0000  5.7
 35 65 0  -0.193 0  0 1  75.540     0 0.0000  5.7
 35 66 0  -0.235 0  1 0  79.250     0 0.0000  5.7
 35 67 0  -0.205 1  0 0  83.150     0 0.0000  5.7
 35 68 0  -0.235 1  0 1  85.160     0 0.0000  5.7
 35 69 0  -0.226 1  0 1  89.950     0 0.0000  5.7
 35 70 0  -0.192 1  1 0  92.640     0 0.0000  5.7
 35 71 0  -0.196 0  0 0  92.870     0 0.0000  5.7
 35 72 0  -0.224 0  0 1  92.810     0 0.0000  5.7
 35 73 0  -0.191 0  0 1  96.810     2 0.4000  5.7
 35 74 1  -0.160 0  1 0 102.900     2 0.4000  5.7
 36 64 0  -0.227 0  0 1  57.560     0 0.0000 33.2
 36 65 0  -0.235 0  0 1  59.690     0 0.0000 33.2
 36 66 0  -0.200 0  1 0  63.990     0 0.0000 33.2
 36 67 0  -0.028 0  0 0  67.000     0 0.0000 33.2
 36 68 0  -0.051 0  0 1  69.660     0 0.0000 33.2
 36 69 0  -0.055 0  0 1  73.840     0 0.0000 33.2
 36 70 0  -0.017 0  1 0  75.240     0 0.0000 33.2
 36 71 0  -0.044 1  0 0  78.090     0 0.0000 33.2
 36 72 0  -0.093 1  0 1  77.860     0 0.0000 33.2
 36 73 0  -0.036 1  0 1  81.330     0 0.0000 33.2
 36 74 0  -0.036 1  1 0  88.160     0 0.0000 33.2
 36 75 0   0.002 1  0 0  84.570     0 0.0000 33.2
 36 76 0   0.013 1  0 1  84.060     0 0.0000 33.2
 36 77 0  -0.053 1  0 1  89.960     0 0.0000 33.2
 36 78 0  -0.013 1  1 0  94.770     0 0.0000 33.2
 36 79 0   0.024 1  0 0  97.060     0 0.0000 33.2
 36 80 0  -0.021 1  0 1 106.000     0 0.0000 33.2
 36 81 0  -0.035 1  0 1 105.100     0 0.0000 33.2
 36 82 0  -0.014 1  1 0 108.300     0 0.0000 33.2
 36 83 0   0.018 1  0 0 112.000     0 0.0000 33.2
 36 84 0  -0.110 1  0 1 104.900     1 0.1667 33.2
 36 85 0  -0.059 1  0 1 107.600     2 0.3333 33.2
 36 86 0  -0.028 1  1 0 109.500     2 0.3333 33.2
 37 64 0  -0.252 0  0 1  71.600     0 0.0000 10.0
 37 65 0  -0.201 0  0 1  73.970     0 0.0000 10.0
 37 66 0  -0.194 0  1 0  77.480     0 0.0000 10.0
 37 67 0  -0.145 0  0 0  79.140     0 0.0000 10.0
 37 68 0  -0.218 0  0 1  82.140     0 0.0000 10.0
 37 69 0  -0.222 0  0 1  84.620     0 0.0000 10.0
 37 70 0  -0.113 0  1 0  85.830     0 0.0000 10.0
 37 71 0  -0.208 0  0 0  86.500     0 0.0000 10.0
 37 72 0  -0.187 0  0 1  88.410     0 0.0000 10.0
 37 73 0  -0.200 0  0 1  92.120     0 0.0000 10.0
 37 74 0  -0.096 0  1 0  98.720     0 0.0000 10.0
 37 75 0  -0.119 1  0 0  97.550     0 0.0000 10.0
 37 76 0  -0.139 1  0 1  94.750     0 0.0000 10.0
 37 77 0  -0.183 1  0 1 101.000     0 0.0000 10.0
 37 78 0  -0.135 1  1 0 104.900     0 0.0000 10.0
 37 79 0  -0.111 0  0 0 109.800     0 0.0000 10.0
 37 80 0  -0.077 0  0 1 112.100     0 0.0000 10.0
 37 81 0  -0.109 0  0 1 107.600     0 0.0000 10.0
 37 82 0  -0.125 0  1 0 105.100     0 0.0000 10.0
 37 83 0  -0.203 0  0 0 102.600     1 0.2500 10.0
 37 84 1  -0.173 0  0 1 103.300     1 0.2500 10.0
 38 64 0  -0.229 1  0 1  71.290     0 0.0000  2.0
 38 65 0  -0.199 0  0 1  74.120     0 0.0000  2.0
 38 66 0  -0.198 0  1 0  77.020     0 0.0000  2.0
 38 67 0  -0.146 1  0 0  80.770     0 0.0000  2.0
 38 68 0  -0.187 1  0 1  84.400     1 0.1667  2.0
 38 69 0  -0.209 0  0 1  86.970     1 0.1667  2.0
 38 70 0  -0.223 0  1 0  89.650     1 0.1667  2.0
 38 71 0  -0.207 1  0 0  91.930     1 0.1667  2.0
 38 72 1  -0.231 1  0 1  92.160     2 0.3333  2.0
 39 64 0  -0.178 0  1 0  71.260     0 0.0000  0.7
 39 65 0  -0.195 0  0 0  74.380     0 0.0000  0.7
 39 66 0  -0.197 0  1 0  79.180     0 0.0000  0.7
 39 67 0  -0.185 0  0 0  82.720     0 0.0000  0.7
 39 68 0  -0.269 0  1 0  88.350     0 0.0000  0.7
 39 69 0  -0.241 1  0 0  89.580     0 0.0000  0.7
 39 70 0  -0.214 1  1 0  91.930     0 0.0000  0.7
 39 71 0  -0.148 1  0 0  90.690     0 0.0000  0.7
 39 72 0  -0.181 1  1 0  92.790     0 0.0000  0.7
 39 73 0  -0.121 1  0 0  95.020     1 0.5000  0.7
 39 74 1  -0.068 1  1 0  98.590     1 0.5000  0.7
 40 64 0  -0.198 1  0 1  45.830     0 0.0000 32.2
 40 65 0  -0.195 1  0 1  47.860     0 0.0000 32.2
 40 66 0  -0.199 1  1 0  51.690     0 0.0000 32.2
 40 67 0   0.038 1  0 0  55.810     0 0.0000 32.2
 40 68 0  -0.010 1  0 1  57.950     0 0.0000 32.2
 40 69 0  -0.067 1  0 1  63.090     0 0.0000 32.2
 40 70 0  -0.069 1  1 0  66.560     0 0.0000 32.2
 40 71 0  -0.056 1  0 0  68.220     0 0.0000 32.2
 40 72 0  -0.021 1  0 1  69.910     0 0.0000 32.2
 40 73 0  -0.017 1  0 1  73.290     0 0.0000 32.2
 40 74 0   0.020 1  1 0  78.930     0 0.0000 32.2
 40 75 0  -0.076 0  0 0  79.160     0 0.0000 32.2
 40 76 0  -0.161 0  0 1  76.250     0 0.0000 32.2
 40 77 0  -0.158 0  0 1  82.010     0 0.0000 32.2
 40 78 0  -0.085 0  1 0  84.360     0 0.0000 32.2
 40 79 0  -0.091 1  0 0  87.170     0 0.0000 32.2
 40 80 0  -0.121 1  0 1  85.760     0 0.0000 32.2
 40 81 0  -0.126 1  0 1  83.920     0 0.0000 32.2
 40 82 0  -0.181 1  1 0  84.460     0 0.0000 32.2
 40 83 0  -0.186 1  0 0  84.380     0 0.0000 32.2
 40 84 0  -0.139 1  0 1  88.460     0 0.0000 32.2
 40 85 0  -0.097 1  0 1  93.650     0 0.0000 32.2
 40 86 0  -0.135 1  1 0  94.730     0 0.0000 32.2
 41 64 0  -0.042 1  1 0  57.070     0 0.0000  9.9
 41 65 0  -0.105 1  0 0  54.890     0 0.0000  9.9
 41 66 0  -0.109 1  1 0  61.890     0 0.0000  9.9
 41 67 0  -0.050 1  0 0  65.840     0 0.0000  9.9
 41 68 0  -0.010 1  1 0  69.430     0 0.0000  9.9
 41 69 0  -0.042 1  0 0  71.820     0 0.0000  9.9
 41 70 0  -0.031 1  1 0  72.800     0 0.0000  9.9
 41 71 0   0.029 0  0 0  73.280     0 0.0000  9.9
 41 72 0  -0.042 0  1 0  75.920     0 0.0000  9.9
 41 73 0  -0.016 0  0 0  78.730     0 0.0000  9.9
 41 74 0  -0.006 0  1 0  98.150     0 0.0000  9.9
 41 75 0   0.016 0  0 0  86.110     0 0.0000  9.9
 41 76 0  -0.048 0  0 1  84.410     0 0.0000  9.9
 41 77 0  -0.071 0  0 1  76.840     0 0.0000  9.9
 41 78 0  -0.068 0  1 0  89.310     0 0.0000  9.9
 41 79 0  -0.052 1  0 0  95.200     0 0.0000  9.9
 41 80 0  -0.059 1  0 1  95.400     0 0.0000  9.9
 41 81 0  -0.050 1  0 1  90.500     0 0.0000  9.9
 41 82 0  -0.122 1  1 0  92.510     0 0.0000  9.9
 41 83 0  -0.043 1  0 0  96.180     0 0.0000  9.9
 41 84 0  -0.045 1  0 1  94.700     0 0.0000  9.9
 41 85 0  -0.058 1  0 1 102.400     0 0.0000  9.9
 41 86 1  -0.076 1  1 0  99.870     1 0.1667  9.9
 42 64 0  -0.224 1  0 1  68.480     0 0.0000 31.9
 42 65 0  -0.213 1  0 1  70.090     0 0.0000 31.9
 42 66 0  -0.215 1  1 0  73.610     0 0.0000 31.9
 42 67 0  -0.059 1  0 0  76.370     0 0.0000 31.9
 42 68 0  -0.071 1  0 1  79.260     0 0.0000 31.9
 42 69 0  -0.034 0  0 1  79.420     0 0.0000 31.9
 42 70 0  -0.062 0  1 0  79.090     0 0.0000 31.9
 42 71 0  -0.070 0  0 0  77.350     0 0.0000 31.9
 42 72 0  -0.093 0  0 1  76.470     0 0.0000 31.9
 42 73 0  -0.009 0  0 1  77.300     0 0.0000 31.9
 42 74 0   0.038 0  1 0  79.530     0 0.0000 31.9
 42 75 0  -0.024 1  0 0  71.510     0 0.0000 31.9
 42 76 0  -0.157 1  0 1  64.010     0 0.0000 31.9
 42 77 0  -0.181 1  0 1  64.800     0 0.0000 31.9
 42 78 0  -0.080 1  1 0  61.730     0 0.0000 31.9
 42 79 0  -0.050 0  0 0  60.820     0 0.0000 31.9
 42 80 0  -0.040 0  0 1  90.790     0 0.0000 31.9
 42 81 0  -0.078 0  0 1  89.280     0 0.0000 31.9
 42 82 0  -0.105 0  1 0  88.940     0 0.0000 31.9
 42 83 0  -0.080 0  0 0  88.960     0 0.0000 31.9
 42 84 0  -0.088 0  0 1  91.920     0 0.0000 31.9
 42 85 0  -0.044 0  0 1  96.440     1 0.1250 31.9
 42 86 0  -0.016 0  1 0 100.600     1 0.1250 31.9
 43 64 0  -0.144 1  1 0  80.970     0 0.0000 24.4
 43 65 0  -0.159 1  0 0  82.610     0 0.0000 24.4
 43 66 0  -0.103 1  1 0  85.610     0 0.0000 24.4
 43 67 0   0.048 1  0 0  87.150     0 0.0000 24.4
 43 68 0  -0.012 1  1 0  91.990     0 0.0000 24.4
 43 69 0  -0.012 1  0 0  92.350     0 0.0000 24.4
 43 70 0   0.024 1  1 0  90.920     0 0.0000 24.4
 43 71 0   0.015 1  0 0  90.030     0 0.0000 24.4
 43 72 0  -0.024 1  1 0  86.250     0 0.0000 24.4
 43 73 0   0.011 1  0 0  86.920     0 0.0000 24.4
 43 74 0   0.086 1  1 0  87.810     0 0.0000 24.4
 43 75 0   0.098 1  0 0  78.180     0 0.0000 24.4
 43 76 0   0.023 1  0 1  71.930     0 0.0000 24.4
 43 77 0  -0.014 1  0 1  74.170     0 0.0000 24.4
 43 78 0   0.033 1  1 0  72.540     0 0.0000 24.4
 43 79 0   0.061 0  0 0  72.100     0 0.0000 24.4
 43 80 0   0.045 0  0 1 108.300     0 0.0000 24.4
 43 81 0   0.038 0  0 1 110.000     0 0.0000 24.4
 43 82 0   0.069 0  1 0 113.600     0 0.0000 24.4
 43 83 0   0.038 1  0 0 113.800     0 0.0000 24.4
 43 84 0  -0.054 1  0 1 111.900     0 0.0000 24.4
 43 85 0  -0.027 1  0 1 117.100     0 0.0000 24.4
 43 86 0  -0.015 1  1 0 120.700     0 0.0000 24.4
 44 64 0  -0.234 1  1 0  62.140     0 0.0000 75.9
 44 65 0  -0.231 1  0 0  62.640     0 0.0000 75.9
 44 66 0  -0.285 1  0 1  66.330     0 0.0000 75.9
 44 67 0  -0.150 0  0 1  67.610     0 0.0000 75.9
 44 68 0  -0.128 0  1 0  69.360     0 0.0000 75.9
 44 69 0  -0.106 0  0 0  71.390     0 0.0000 75.9
 44 70 0  -0.119 0  0 1  72.920     0 0.0000 75.9
 44 71 0  -0.083 0  0 1  74.350     0 0.0000 75.9
 44 72 0  -0.095 0  1 0  77.200     0 0.0000 75.9
 44 73 0  -0.093 0  0 0  79.800     0 0.0000 75.9
 44 74 0   0.001 0  0 1  82.900     0 0.0000 75.9
 44 75 0  -0.055 1  0 1  80.980     0 0.0000 75.9
 44 76 0  -0.121 1  1 0  81.510     0 0.0000 75.9
 44 77 0  -0.118 0  0 0  86.870     0 0.0000 75.9
 44 78 0  -0.116 0  0 1  88.510     0 0.0000 75.9
 44 79 0  -0.077 0  0 1  93.030     0 0.0000 75.9
 44 80 0  -0.102 0  1 0  88.900     0 0.0000 75.9
 44 81 0  -0.112 0  0 0  87.880     0 0.0000 75.9
 44 82 0  -0.114 0  0 1  87.530     1 0.1667 75.9
 44 83 0  -0.066 0  0 1  87.770     1 0.1667 75.9
 44 84 0  -0.162 0  1 0  86.410     2 0.3333 75.9
 44 85 0  -0.049 1  0 0  90.070     2 0.3333 75.9
 44 86 0  -0.083 1  0 1  93.900     2 0.3333 75.9
 45 64 0  -0.161 0  1 0  60.470     0 0.0000  1.0
 45 65 0  -0.103 0  0 0  62.170     1 0.3333  1.0
 45 66 0  -0.098 0  1 0  65.010     1 0.3333  1.0
 45 67 0  -0.115 0  0 0  70.580     1 0.3333  1.0
 45 68 0  -0.221 0  1 0  74.550     2 0.6667  1.0
 45 69 0  -0.246 1  0 0  77.330     2 0.6667  1.0
 45 70 0  -0.197 1  1 0  79.540     2 0.6667  1.0
 45 71 0  -0.180 0  0 0  78.220     2 0.6667  1.0
 45 72 0  -0.210 0  1 0  83.300     2 0.6667  1.0
 45 73 0  -0.168 0  0 0  83.790     3 1.0000  1.0
 45 74 0  -0.140 0  1 0  82.700     3 1.0000  1.0
 45 75 0  -0.108 0  0 0  82.110     3 1.0000  1.0
 45 76 0  -0.157 0  1 0  82.380     3 1.0000  1.0
 45 77 0  -0.164 0  0 0  87.070     3 1.0000  1.0
 45 78 1  -0.093 0  1 0  87.060     3 1.0000  1.0
 46 64 0  -0.210 1  0 1  60.300     0 0.0000 16.8
 46 65 0  -0.210 1  1 0  64.180     0 0.0000 16.8
 46 66 0  -0.199 1  0 0  67.730     0 0.0000 16.8
 46 67 0  -0.126 1  0 1  70.940     0 0.0000 16.8
 46 68 0  -0.141 1  0 1  74.440     0 0.0000 16.8
 46 69 0  -0.126 1  1 0  78.760     0 0.0000 16.8
 46 70 0  -0.043 0  0 0  81.570     0 0.0000 16.8
 46 71 0  -0.089 0  0 1  85.040     0 0.0000 16.8
 46 72 0  -0.090 0  0 1  86.730     0 0.0000 16.8
 46 73 0  -0.067 0  1 0  91.230     0 0.0000 16.8
 46 74 0  -0.058 0  0 0  98.820     1 0.2000 16.8
 46 75 0  -0.107 0  0 1  97.300     1 0.2000 16.8
 46 76 0  -0.135 0  0 1  95.710     1 0.2000 16.8
 46 77 0  -0.104 0  1 0  99.920     1 0.2000 16.8
 46 78 0  -0.089 0  0 0 103.500     1 0.2000 16.8
 46 79 0  -0.034 0  0 1 106.400     1 0.2000 16.8
 46 80 0  -0.062 0  0 1 107.200     1 0.2000 16.8
 46 81 0  -0.067 0  1 0 108.400     1 0.2000 16.8
 46 82 0  -0.079 0  0 0 109.300     1 0.2000 16.8
 46 83 0  -0.084 0  0 1 111.100     1 0.2000 16.8
 46 84 0  -0.071 1  0 1 116.300     1 0.2000 16.8
 46 85 0  -0.009 1  1 0 122.700     2 0.4000 16.8
 46 86 0  -0.019 1  0 0 130.100     2 0.4000 16.8
 47 64 0  -0.295 1  1 0  74.260     0 0.0000  7.0
 47 65 0  -0.237 0  0 0  75.710     0 0.0000  7.0
 47 66 0  -0.259 0  0 1  81.450     0 0.0000  7.0
 47 67 0  -0.047 0  0 1  87.690     0 0.0000  7.0
 47 68 0  -0.142 0  1 0  90.070     0 0.0000  7.0
 47 69 0  -0.106 0  0 0  94.070     0 0.0000  7.0
 47 70 0  -0.140 0  0 1  95.470     0 0.0000  7.0
 47 71 0  -0.199 0  0 1  92.050     0 0.0000  7.0
 47 72 0  -0.281 0  1 0  91.780     0 0.0000  7.0
 47 73 0  -0.158 0  0 0  96.480     0 0.0000  7.0
 47 74 0  -0.143 0  0 1 104.600     0 0.0000  7.0
 47 75 0  -0.158 0  0 1 103.900     0 0.0000  7.0
 47 76 0  -0.176 0  1 0 105.000     0 0.0000  7.0
 47 77 0  -0.187 1  0 0 108.400     0 0.0000  7.0
 47 78 0  -0.157 1  0 1 112.000     0 0.0000  7.0
 47 79 0  -0.105 0  0 1 118.100     0 0.0000  7.0
 47 80 0  -0.085 0  1 0 119.700     0 0.0000  7.0
 47 81 0  -0.155 0  0 0 118.800     0 0.0000  7.0
 47 82 1  -0.226 0  0 1 118.700     0 0.0000  7.0
 48 64 0  -0.149 1  1 0  53.550     0 0.0000  6.8
 48 65 0  -0.166 1  0 0  55.420     0 0.0000  6.8
 48 66 0  -0.169 1  0 1  56.800     0 0.0000  6.8
 48 67 0  -0.156 1  0 1  59.220     0 0.0000  6.8
 48 68 0  -0.178 1  1 0  61.730     0 0.0000  6.8
 48 69 0  -0.154 0  0 0  64.280     0 0.0000  6.8
 48 70 0  -0.138 0  0 1  66.100     0 0.0000  6.8
 48 71 0  -0.179 0  0 1  70.640     0 0.0000  6.8
 48 72 0  -0.158 0  1 0  72.980     0 0.0000  6.8
 48 73 0  -0.161 0  0 0  76.350     1 0.2000  6.8
 48 74 0  -0.116 0  0 1  80.550     2 0.4000  6.8
 48 75 0  -0.119 0  0 1  80.050     3 0.6000  6.8
 48 76 0  -0.108 0  1 0  81.760     3 0.6000  6.8
 48 77 0  -0.154 1  0 0  85.360     3 0.6000  6.8
 48 78 0  -0.153 1  0 1  89.780     3 0.6000  6.8
 48 79 0  -0.160 1  0 1  90.170     3 0.6000  6.8
 48 80 0  -0.182 1  1 0  91.360     3 0.6000  6.8
 48 81 0  -0.187 1  0 0  90.260     3 0.6000  6.8
 48 82 0  -0.190 1  0 1  88.190     3 0.6000  6.8
 48 83 0  -0.132 1  0 1  87.090     3 0.6000  6.8
 48 84 1  -0.200 1  1 0  88.120     3 0.6000  6.8
 49 64 0  -0.390 0  1 0  68.780     0 0.0000 11.8
 49 65 0  -0.323 0  0 0  71.370     0 0.0000 11.8
 49 66 0  -0.338 0  1 0  76.310     0 0.0000 11.8
 49 67 0  -0.047 1  0 0  80.910     0 0.0000 11.8
 49 68 0  -0.059 1  1 0  83.780     0 0.0000 11.8
 49 69 0  -0.098 1  0 0  83.190     0 0.0000 11.8
 49 70 0  -0.090 1  1 0  85.610     0 0.0000 11.8
 49 71 0  -0.042 0  0 0  86.840     0 0.0000 11.8
 49 72 0  -0.093 0  0 1  87.040     0 0.0000 11.8
 49 73 0  -0.047 0  0 1  89.890     1 0.5000 11.8
 49 74 0   0.013 0  1 0  96.970     1 0.5000 11.8
 49 75 0  -0.063 1  0 0  96.330     2 1.0000 11.8
 49 76 0  -0.104 1  0 1  95.420     2 1.0000 11.8
 49 77 0  -0.084 1  0 1 100.500     2 1.0000 11.8
 49 78 0  -0.051 1  1 0 103.300     2 1.0000 11.8
 49 79 0   0.003 0  0 0 106.000     2 1.0000 11.8
 49 80 0  -0.028 0  0 1 109.800     2 1.0000 11.8
 49 81 0  -0.079 0  0 1 107.700     2 1.0000 11.8
 49 82 0  -0.117 0  1 0 106.200     2 1.0000 11.8
 49 83 0  -0.087 1  0 0 108.100     2 1.0000 11.8
 49 84 0  -0.093 1  0 1 109.200     2 1.0000 11.8
 49 85 0   0.054 1  0 1 115.500     2 1.0000 11.8
 49 86 0  -0.061 1  1 0 117.700     3 1.5000 11.8
 50 64 0  -0.129 1  0 1  72.270     0 0.0000 15.3
 50 65 0  -0.170 0  0 1  70.850     0 0.0000 15.3
 50 66 0  -0.155 0  1 0  71.520     0 0.0000 15.3
 50 67 0  -0.135 1  0 0  74.550     0 0.0000 15.3
 50 68 0  -0.117 1  0 1  78.820     0 0.0000 15.3
 50 69 0  -0.061 1  0 1  78.980     0 0.0000 15.3
 50 70 0  -0.005 1  1 0  79.500     0 0.0000 15.3
 50 71 0  -0.061 1  0 0  83.750     0 0.0000 15.3
 50 72 0  -0.040 1  0 1  85.310     0 0.0000 15.3
 50 73 0  -0.086 1  0 1  92.830     0 0.0000 15.3
 50 74 0  -0.050 1  1 0  97.680     0 0.0000 15.3
 50 75 0  -0.015 0  0 0  96.310     0 0.0000 15.3
 50 76 0   0.018 0  0 1  98.920     0 0.0000 15.3
 50 77 0  -0.055 0  0 1 106.200     0 0.0000 15.3
 50 78 0   0.089 0  1 0 114.400     0 0.0000 15.3
 50 79 0   0.136 0  0 0 128.600     0 0.0000 15.3
 50 80 0   0.058 0  0 1 126.400     0 0.0000 15.3
 50 81 0   0.006 0  0 1 125.200     0 0.0000 15.3
 50 82 0   0.043 0  1 0 123.000     0 0.0000 15.3
 50 83 0   0.216 0  0 0 121.900     0 0.0000 15.3
 50 84 0   0.105 0  0 1 114.000     1 0.1667 15.3
 50 85 0   0.109 0  0 1 113.300     1 0.1667 15.3
 50 86 0   0.138 0  1 0 118.300     1 0.1667 15.3